100
0 10 6
3 10
2 6
8 7
5 4
6 10
3 5
1 10 6
3 10
2 6
8 7
5 4
6 10
3 5
2 10 6
3 10
2 6
8 7
5 4
6 10
3 5
3 10 6
3 10
2 6
8 7
5 4
6 10
3 5
4 10 6
3 10
2 6
8 7
5 4
6 10
3 5
5 10 6
3 10
2 6
8 7
5 4
6 10
3 5
6 10 6
3 10
2 6
8 7
5 4
6 10
3 5
7 10 6
3 10
2 6
8 7
5 4
6 10
3 5
8 10 6
3 10
2 6
8 7
5 4
6 10
3 5
9 10 6
3 10
2 6
8 7
5 4
6 10
3 5
10 10 6
3 10
2 6
8 7
5 4
6 10
3 5
11 10 6
3 10
2 6
8 7
5 4
6 10
3 5
12 10 6
3 10
2 6
8 7
5 4
6 10
3 5
13 10 6
3 10
2 6
8 7
5 4
6 10
3 5
14 10 6
3 10
2 6
8 7
5 4
6 10
3 5
15 10 6
3 10
2 6
8 7
5 4
6 10
3 5
16 10 6
3 10
2 6
8 7
5 4
6 10
3 5
17 10 6
3 10
2 6
8 7
5 4
6 10
3 5
18 10 6
3 10
2 6
8 7
5 4
6 10
3 5
19 10 6
3 10
2 6
8 7
5 4
6 10
3 5
20 10 6
3 10
2 6
8 7
5 4
6 10
3 5
21 10 6
3 10
2 6
8 7
5 4
6 10
3 5
22 10 6
3 10
2 6
8 7
5 4
6 10
3 5
23 10 6
3 10
2 6
8 7
5 4
6 10
3 5
24 10 6
3 10
2 6
8 7
5 4
6 10
3 5
25 10 6
3 10
2 6
8 7
5 4
6 10
3 5
26 10 6
3 10
2 6
8 7
5 4
6 10
3 5
27 10 6
3 10
2 6
8 7
5 4
6 10
3 5
28 10 6
3 10
2 6
8 7
5 4
6 10
3 5
29 10 6
3 10
2 6
8 7
5 4
6 10
3 5
30 10 6
3 10
2 6
8 7
5 4
6 10
3 5
31 10 6
3 10
2 6
8 7
5 4
6 10
3 5
32 10 6
3 10
2 6
8 7
5 4
6 10
3 5
33 10 6
3 10
2 6
8 7
5 4
6 10
3 5
34 10 6
3 10
2 6
8 7
5 4
6 10
3 5
35 10 6
3 10
2 6
8 7
5 4
6 10
3 5
36 10 6
3 10
2 6
8 7
5 4
6 10
3 5
37 10 6
3 10
2 6
8 7
5 4
6 10
3 5
38 10 6
3 10
2 6
8 7
5 4
6 10
3 5
39 10 6
3 10
2 6
8 7
5 4
6 10
3 5
40 10 6
3 10
2 6
8 7
5 4
6 10
3 5
41 10 6
3 10
2 6
8 7
5 4
6 10
3 5
42 10 6
3 10
2 6
8 7
5 4
6 10
3 5
43 10 6
3 10
2 6
8 7
5 4
6 10
3 5
44 10 6
3 10
2 6
8 7
5 4
6 10
3 5
45 10 6
3 10
2 6
8 7
5 4
6 10
3 5
46 10 6
3 10
2 6
8 7
5 4
6 10
3 5
47 10 6
3 10
2 6
8 7
5 4
6 10
3 5
48 10 6
3 10
2 6
8 7
5 4
6 10
3 5
49 10 6
3 10
2 6
8 7
5 4
6 10
3 5
50 10 6
3 10
2 6
8 7
5 4
6 10
3 5
51 10 6
3 10
2 6
8 7
5 4
6 10
3 5
52 10 6
3 10
2 6
8 7
5 4
6 10
3 5
53 10 6
3 10
2 6
8 7
5 4
6 10
3 5
54 10 6
3 10
2 6
8 7
5 4
6 10
3 5
55 10 6
3 10
2 6
8 7
5 4
6 10
3 5
56 10 6
3 10
2 6
8 7
5 4
6 10
3 5
57 10 6
3 10
2 6
8 7
5 4
6 10
3 5
58 10 6
3 10
2 6
8 7
5 4
6 10
3 5
59 10 6
3 10
2 6
8 7
5 4
6 10
3 5
60 10 6
3 10
2 6
8 7
5 4
6 10
3 5
61 10 6
3 10
2 6
8 7
5 4
6 10
3 5
62 10 6
3 10
2 6
8 7
5 4
6 10
3 5
63 10 6
3 10
2 6
8 7
5 4
6 10
3 5
64 10 6
3 10
2 6
8 7
5 4
6 10
3 5
65 10 6
3 10
2 6
8 7
5 4
6 10
3 5
66 10 6
3 10
2 6
8 7
5 4
6 10
3 5
67 10 6
3 10
2 6
8 7
5 4
6 10
3 5
68 10 6
3 10
2 6
8 7
5 4
6 10
3 5
69 10 6
3 10
2 6
8 7
5 4
6 10
3 5
70 10 6
3 10
2 6
8 7
5 4
6 10
3 5
71 10 6
3 10
2 6
8 7
5 4
6 10
3 5
72 10 6
3 10
2 6
8 7
5 4
6 10
3 5
73 10 6
3 10
2 6
8 7
5 4
6 10
3 5
74 10 6
3 10
2 6
8 7
5 4
6 10
3 5
75 10 6
3 10
2 6
8 7
5 4
6 10
3 5
76 10 6
3 10
2 6
8 7
5 4
6 10
3 5
77 10 6
3 10
2 6
8 7
5 4
6 10
3 5
78 10 6
3 10
2 6
8 7
5 4
6 10
3 5
79 10 6
3 10
2 6
8 7
5 4
6 10
3 5
80 10 6
3 10
2 6
8 7
5 4
6 10
3 5
81 10 6
3 10
2 6
8 7
5 4
6 10
3 5
82 10 6
3 10
2 6
8 7
5 4
6 10
3 5
83 10 6
3 10
2 6
8 7
5 4
6 10
3 5
84 10 6
3 10
2 6
8 7
5 4
6 10
3 5
85 10 6
3 10
2 6
8 7
5 4
6 10
3 5
86 10 6
3 10
2 6
8 7
5 4
6 10
3 5
87 10 6
3 10
2 6
8 7
5 4
6 10
3 5
88 10 6
3 10
2 6
8 7
5 4
6 10
3 5
89 10 6
3 10
2 6
8 7
5 4
6 10
3 5
90 10 6
3 10
2 6
8 7
5 4
6 10
3 5
91 10 6
3 10
2 6
8 7
5 4
6 10
3 5
92 10 6
3 10
2 6
8 7
5 4
6 10
3 5
93 10 6
3 10
2 6
8 7
5 4
6 10
3 5
94 10 6
3 10
2 6
8 7
5 4
6 10
3 5
95 10 6
3 10
2 6
8 7
5 4
6 10
3 5
96 10 6
3 10
2 6
8 7
5 4
6 10
3 5
97 10 6
3 10
2 6
8 7
5 4
6 10
3 5
98 10 6
3 10
2 6
8 7
5 4
6 10
3 5
99 10 6
3 10
2 6
8 7
5 4
6 10
3 5
